29 -1.338 -0.357808 24.3358
58 -3.33338 -0.789583 52.7056
87 -5.65847 -1.21788 76.154
116 -1.65726 -1.61264 87.0195
145 13.2882 -2.64646 88.3122
174 36.4555 -4.60025 89.227
203 53.6863 -6.12373 89.4395
232 58.6206 -6.45117 103.092
261 63.4489 -6.82282 125.464
290 68.1087 -7.38482 148.936
319 69.248 -7.4602 172.781
348 67.6547 -7.30658 197.108
377 67.0297 -7.43661 216.603
406 66.4648 -7.48423 235.756
435 58.2947 -6.05951 244.035
464 37.8725 -2.41426 242.96
493 13.6385 1.70919 241.36
522 -4.89564 4.79862 239.675
551 -9.15739 5.47182 239.661
580 -13.6765 5.99937 240.954
609 -17.2502 5.26479 256.068
638 -18.4714 3.00171 283.512
667 -20.4269 0.394868 313.287
696 -22.1954 -2.27189 343.645
725 -23.6575 -4.21163 364.844
754 -32.9495 -3.08577 372.457
783 -54.5436 1.23386 370.83
812 -80.3279 6.24064 369.204
841 -101.195 10.0432 368.751
870 -121.874 13.8908 366.662
899 -149.809 18.2906 365.922
928 -175.111 22.3771 364.416
957 -188.369 25.3136 358.569
986 -187.139 29.0131 338.195
1015 -184.267 33.5431 311.398
1044 -182.07 37.8542 284.652
1073 -179.345 42.2641 256.406
1102 -177.029 46.0149 230.256
1131 -173.058 47.7337 216.671
1160 -153.861 46.431 215.011
1189 -128.387 43.9751 217.371
1218 -109.299 41.9465 218.554
1247 -99.0728 39.6841 227.925
1276 -93.1988 37.8535 237.949
1305 -75.9491 35.6145 239.916
1334 -51.2995 32.2508 241.846
1363 -29.9454 29.1199 244.108
1392 -19.9045 27.7889 243.869
1421 -14.2082 27.6247 236.243
1450 -12.6333 28.9765 210.61
1479 -9.84925 30.4517 176.444
1508 -7.22012 31.8984 139.222
1537 -4.84091 32.9743 108.225
1566 3.31718 32.8851 95.5794
1595 22.1042 31.4216 95.7601
1624 46.983 29.054 96.4677
1653 72.0491 26.7178 91.3009
1682 96.8963 24.2499 78.9984
1711 114.757 22.2775 65.435
1740 133.953 20.2859 51.6816
1769 156.304 17.9507 35.9929
1798 172.654 16.019 26.9109
1827 192.76 14.173 26.5698
1856 216.17 11.8401 25.3113
1885 241.502 9.24142 23.9102
1914 264.77 6.6652 22.7366
1943 276.814 5.27663 21.1316
1972 282.165 5.75356 30.5789
2001 283.279 8.34791 56.0337
2030 284.747 11.2718 85.3305
2059 286.618 13.7385 114.435
2088 290.053 15.7123 140.896
2117 292.085 16.8962 157.589
2146 276.118 20.5592 167.856
2175 252.299 25.508 181.186
2204 227.178 30.4896 193.965
2233 207.23 34.1959 203.276
2262 199.74 35.5761 208.15
2291 182.623 38.757 217.989
2320 161.507 42.4264 228.629
2349 144.252 45.4823 229.475
2378 117.347 50.1231 226.845
2407 90.2381 54.4322 223.947
2436 72.8754 57.1033 226.218
2465 68.5327 56.229 245.836
2494 65.7092 54.4477 273.71
2523 62.4514 52.464 303.61
2552 58.0293 50.7606 332.037
2581 55.3097 48.6201 360.075
2610 53.2051 46.9491 380.66
2639 50.5456 44.6039 408.499
2668 47.4929 42.0968 437.182
2697 46.8094 40.2547 453.655
2726 61.3255 36.2689 456.22
2755 86.4405 29.3399 458.228
2784 112.624 21.8012 460.117
2813 135.767 14.8531 466.197
2842 154.556 8.47441 477.063
2871 165.353 4.99514 481.451
2900 179.059 1.54559 466.866
2929 196.518 -3.02952 444.22
2958 214.925 -7.94039 421.229
2987 224.829 -10.6986 403.046
3016 209.787 -6.02649 392.887
3045 180.409 2.01657 389.64
3074 150.17 10.1613 388.233
3103 129.376 15.5822 386.267
3132 126.679 17.3528 370.28
3161 128.401 18.4614 341.99
3190 130.26 19.595 310.158
3219 132.219 20.5195 276.448
3248 133.653 21.0604 246.97
3277 133.023 21.5175 231.187
3306 117.856 24.2787 226.333
3335 90.1979 28.4235 225.354
3364 66.8789 31.8816 224.301
3393 56.318 33.1501 231.094
3422 53.8721 32.4114 245.988
3451 39.9503 34.1167 249.864
3480 12.6138 37.75 248.879
3509 -14.5194 41.2102 247.193
3538 -23.9095 42.15 248.121
3567 -28.1217 40.6778 263.427
3596 -29.3223 36.4862 295.578
3625 -30.8712 31.5433 331.887
3654 -32.351 27.1407 364.143
3683 -36.1524 25.4614 379.752
3712 -55.0676 28.5136 378.634
3741 -85.2298 33.1358 377.354
3770 -112.823 37.0645 376.621
3799 -142.929 41.1959 375.197
3828 -175.736 45.2859 374.117
3857 -206.888 49.025 372.862
3886 -238.226 52.1384 374.313
3915 -256.131 53.1589 377.648
3944 -267.874 54.1091 378.324
3973 -277.929 56.2406 373.836
4002 -280.653 63.6743 348.525
4031 -279.491 72.6003 316.103
4060 -274.265 80.907 283.996
4089 -264.278 89.0725 251.071
4118 -250.249 96.4436 219.379
4147 -232.947 103.055 190.244
4176 -211.73 108.807 163.086
4205 -186.989 113.984 138.548
4234 -157.893 118.888 114.898
4263 -128.917 123.447 91.2806
4292 -100.048 127.876 67.8993
4321 -70.6594 132.092 44.3962
4350 -44.4049 135.737 22.9305
4379 -24.5059 137.226 15.4402
4408 -10.1154 136.268 24.8217
4437 -3.36879 135.7 30.0387
4466 1.19173 133.562 47.6909
4495 6.06491 130.182 74.7023
4524 10.3479 126.819 101.165
4553 13.9519 124.734 116.919
4582 25.2297 124.421 118.088
4611 46.3215 124.092 113.999
4640 66.3945 123.791 107.847
4669 77.4681 122.843 113.451
4698 86.1016 120.968 130.858
4727 96.8338 118.294 152.748
4756 105.111 115.748 174.696
4785 110.26 113.317 198.452
4814 114.151 111.007 219.532
4843 118.608 108.907 238.535
4872 118.457 107.606 253.083
4901 103.922 109.273 257.863
4930 79.4304 111.989 262.717
4959 57.5765 114.332 266.47
4988 47.2798 115.304 268.72
5017 45.8178 115.436 269.172
5046 41.6336 114.404 278.502
5075 46.3319 110.072 300.991
5104 51.9468 104.316 330.008
5133 57.5854 98.4376 359.369
5162 62.4728 93.226 385.303
